0 0 0
0 1 0
0 2 0
0 3 0
0 4 0
0 5 0
0 6 0
0 7 0
0 8 0
0 9 0
0 10 0
1 0 0
1 1 0.736489
1 2 0.455175
1 3 -0.455175
1 4 -0.736489
1 5 -1.62493e-15
1 6 0.736489
1 7 0.455175
1 8 -0.455175
1 9 -0.736489
1 10 0
2 0 0
2 1 1.76644
2 2 1.09172
2 3 -1.09172
2 4 -1.76644
2 5 -2.29838e-15
2 6 1.76644
2 7 1.09172
2 8 -1.09172
2 9 -1.76644
2 10 0
3 0 0
3 1 3.49787
3 2 2.1618
3 3 -2.1618
3 4 -3.49787
3 5 -1.23418e-14
3 6 3.49787
3 7 2.1618
3 8 -2.1618
3 9 -3.49787
3 10 0
4 0 0
4 1 6.61078
4 2 4.08568
4 3 -4.08568
4 4 -6.61078
4 5 -1.80436e-14
4 6 6.61078
4 7 4.08568
4 8 -4.08568
4 9 -6.61078
4 10 0
5 0 0
5 1 12.3151
5 2 7.61115
5 3 -7.61115
5 4 -12.3151
5 5 -5.72005e-14
5 6 12.3151
5 7 7.61115
5 8 -7.61115
5 9 -12.3151
5 10 0
6 0 0
6 1 22.7999
6 2 14.0911
6 3 -14.0911
6 4 -22.7999
6 5 -1.08548e-13
6 6 22.7999
6 7 14.0911
6 8 -14.0911
6 9 -22.7999
6 10 0
7 0 0
7 1 42.0241
7 2 25.9723
7 3 -25.9723
7 4 -42.0241
7 5 -2.68303e-13
7 6 42.0241
7 7 25.9723
7 8 -25.9723
7 9 -42.0241
7 10 0
8 0 0
8 1 77.0962
8 2 47.6481
8 3 -47.6481
8 4 -77.0962
8 5 -5.96329e-13
8 6 77.0962
8 7 47.6481
8 8 -47.6481
8 9 -77.0962
8 10 0
9 0 0
9 1 140.631
9 2 86.9145
9 3 -86.9145
9 4 -140.631
9 5 -1.41596e-12
9 6 140.631
9 7 86.9145
9 8 -86.9145
9 9 -140.631
9 10 0
10 0 -5.24761e-12
10 1 254.641
10 2 157.377
10 3 -157.377
10 4 -254.641
10 5 -3.41075e-12
10 6 254.641
10 7 157.377
10 8 -157.377
10 9 -254.641
10 10 -1.57389e-12

